1815400
8511900
12665300
18009000
13905200
27034900
23576300
1029300
28824500
938100
26238300
3673900
20170400
14985300
5568900
29908700
21660800
5442200
25964600
10972000
5110600
3336700
5417400
25286000
19078000
15308100
28050300
1212100
1900100
17315700
31217600
21834700
7747300
17821200
9129700
1078400
19823700
14887200
28874100
20635100
8681200
24695800
23507600
12344500
16534700
2590100
30848700
11973700
1212500
1208700
2487800
870800
939900
1007700
885200
843900
969900
1092300
1746300
1085400
1246300
846000
867200
1392100
1287900
920500
1089500
1068800
867000
1027000
967600
1018900
4889500
1189700
1179200
1095800
1332200
1546400
1902900
2316100
2593800
1458500
1480000
1210400
922100
2370500
1268600
1352300
935900
832900
1073000
958900
830400
809200
735100
826700
898500
795300
1178800
892600
